[gd_scene format=3 uid="uid://btbf7b5uaojqq"]

[ext_resource type="PackedScene" uid="uid://dt2dlapkgov0a" path="res://Scenes/Environments/garden/garden.tscn" id="1_gwcpk"]
[ext_resource type="PackedScene" uid="uid://djso8yqaiwdet" path="res://Scenes/Characters/OldLady/OldLady.tscn" id="2_455xj"]

[sub_resource type="BoxShape3D" id="BoxShape3D_gwcpk"]
size = Vector3(19.981476, 1.1954346, 19.707489)

[sub_resource type="BoxShape3D" id="BoxShape3D_455xj"]
size = Vector3(3.8873596, 2.7236328, 1.841568)

[sub_resource type="BoxShape3D" id="BoxShape3D_3v6bu"]
size = Vector3(6.058258, 2.3204346, 3.8456116)

[sub_resource type="BoxShape3D" id="BoxShape3D_gq31d"]
size = Vector3(1.684082, 3.1046143, 4.5108643)

[sub_resource type="BoxShape3D" id="BoxShape3D_mdejb"]
size = Vector3(0.86187744, 2.7149658, 3.0697021)

[sub_resource type="BoxShape3D" id="BoxShape3D_cw0u4"]
size = Vector3(9.27948, 3.1235352, 2.197815)

[sub_resource type="BoxShape3D" id="BoxShape3D_bequw"]
size = Vector3(0.3048706, 1.3041992, 2.1926498)

[sub_resource type="BoxShape3D" id="BoxShape3D_q8ia5"]
size = Vector3(1.2926636, 0.6907959, 1.3476563)

[sub_resource type="BoxShape3D" id="BoxShape3D_hmwnd"]
size = Vector3(0.18603516, 1.2088928, 0.26611328)

[sub_resource type="BoxShape3D" id="BoxShape3D_acbdr"]
size = Vector3(3.0219727, 5.123535, 7.149475)

[sub_resource type="BoxShape3D" id="BoxShape3D_vhqvx"]
size = Vector3(11.152214, 5.5238037, 6.9005184)

[sub_resource type="BoxShape3D" id="BoxShape3D_jyndf"]
size = Vector3(6.540512, 11.664551, 14.353027)

[sub_resource type="BoxShape3D" id="BoxShape3D_yng6h"]
size = Vector3(2.4652405, 1, 6.8618164)

[sub_resource type="BoxShape3D" id="BoxShape3D_yv4mu"]
size = Vector3(2.0360107, 3.5107422, 1.7011719)

[sub_resource type="BoxShape3D" id="BoxShape3D_hnrr3"]
size = Vector3(0.25048828, 1.9436035, 0.1796875)

[sub_resource type="BoxShape3D" id="BoxShape3D_8ne0n"]
size = Vector3(2.1584473, 1.6240234, 1.2114868)

[sub_resource type="CylinderShape3D" id="CylinderShape3D_1w16b"]
height = 2.9123542
radius = 0.27783203

[sub_resource type="BoxShape3D" id="BoxShape3D_qtewp"]
size = Vector3(9.143555, 5.838745, 1.6967773)

[sub_resource type="BoxShape3D" id="BoxShape3D_lv2cb"]
size = Vector3(2.865059, 2.8098145, 4.5078735)

[sub_resource type="BoxShape3D" id="BoxShape3D_1w16b"]
size = Vector3(3.921753, 2.3139648, 4.319458)

[sub_resource type="BoxShape3D" id="BoxShape3D_4mp2r"]
size = Vector3(2.5546875, 2.7333984, 1.5053711)

[sub_resource type="BoxShape3D" id="BoxShape3D_xi662"]
size = Vector3(6.2695313, 10.144165, 6.701233)

[node name="Memory2" type="Node3D" unique_id=783829973]

[node name="Garden" parent="." unique_id=512280691 instance=ExtResource("1_gwcpk")]
transform = Transform3D(1, 0, 0, 0, 1, 0, 0, 0, 1, -0.36206055, -0.52561295, -0.21515173)

[node name="OldLady" parent="." unique_id=1164020550 instance=ExtResource("2_455xj")]
transform = Transform3D(1.1, 0, 0, 0, 1.1, 0, 0, 0, 1.1, 0, 0.8713503, -6.980871)

[node name="StaticBody3D" type="StaticBody3D" parent="." unique_id=1663505200]
transform = Transform3D(1, 0, 0, 0, 1, 0, 0, 0, 1, 0, 0, -5.4575663)

[node name="CollisionShape3D" type="CollisionShape3D" parent="StaticBody3D" unique_id=1697661673]
transform = Transform3D(0.9998941, 0, -0.014555532, 0, 1, 0, 0.014555532, 0, 0.9998941, -0.17883992, 0.097717285, 4.7793107)
shape = SubResource("BoxShape3D_gwcpk")

[node name="CollisionShape3D2" type="CollisionShape3D" parent="StaticBody3D" unique_id=1645440851]
transform = Transform3D(1, 0, 0, 0, 1, 0, 0, 0, 1, 6.3431244, 0.8618164, 0.420784)
shape = SubResource("BoxShape3D_455xj")

[node name="CollisionShape3D3" type="CollisionShape3D" parent="StaticBody3D" unique_id=377392164]
transform = Transform3D(0.57274693, 0, -0.81973225, 0, 1, 0, 0.81973225, 0, 0.57274693, 4.14057, 0.6602173, -2.6661406)
shape = SubResource("BoxShape3D_3v6bu")

[node name="CollisionShape3D4" type="CollisionShape3D" parent="StaticBody3D" unique_id=624216613]
transform = Transform3D(0.92468673, 0.20502567, -0.32080975, -0.18025866, 0.9779526, 0.10542926, 0.33535257, -0.039660376, 0.9412574, 9.304815, 1.4404119, 6.8594265)
shape = SubResource("BoxShape3D_gq31d")

[node name="CollisionShape3D5" type="CollisionShape3D" parent="StaticBody3D" unique_id=1530257998]
transform = Transform3D(1, 0, 0, 0, 1, 0, 0, 0, 1, 9.793369, 0.8574829, 3.0441072)
shape = SubResource("BoxShape3D_mdejb")

[node name="CollisionShape3D6" type="CollisionShape3D" parent="StaticBody3D" unique_id=1894385240]
transform = Transform3D(1, 0, 0, 0, 1, 0, 0, 0, 1, 4.814571, 1.0617676, 8.91083)
shape = SubResource("BoxShape3D_cw0u4")

[node name="CollisionShape3D7" type="CollisionShape3D" parent="StaticBody3D" unique_id=1384389881]
transform = Transform3D(0.99136955, 0, -0.1310972, 0, 1, 0, 0.1310972, 0, 0.99136955, 7.791877, 1.3607968, 2.6637816)
shape = SubResource("BoxShape3D_bequw")

[node name="CollisionShape3D8" type="CollisionShape3D" parent="StaticBody3D" unique_id=1979607089]
transform = Transform3D(0.9890004, 0, -0.14791298, 0, 1, 0, 0.14791298, 0, 0.9890004, 5.5129704, 1.4172734, 2.6267948)
shape = SubResource("BoxShape3D_q8ia5")

[node name="CollisionShape3D9" type="CollisionShape3D" parent="StaticBody3D" unique_id=1871989490]
transform = Transform3D(1, 0, 0, 0, 1, 0, 0, 0, 1, 4.2000275, 1.3886161, 3.150998)
shape = SubResource("BoxShape3D_hmwnd")

[node name="CollisionShape3D10" type="CollisionShape3D" parent="StaticBody3D" unique_id=1957166451]
transform = Transform3D(0.8025565, 0.015944192, 0.5963634, -0.21390787, 0.94086444, 0.26271194, -0.55690837, -0.33840787, 0.7585073, -0.681077, -1.2981138, 2.9882202)
shape = SubResource("BoxShape3D_acbdr")

[node name="CollisionShape3D11" type="CollisionShape3D" parent="StaticBody3D" unique_id=2009768893]
transform = Transform3D(1, 0, 0, 0, 1, 0, 0, 0, 1, -4.2740164, 3.0721345, 8.723308)
shape = SubResource("BoxShape3D_vhqvx")

[node name="CollisionShape3D12" type="CollisionShape3D" parent="StaticBody3D" unique_id=1628943320]
transform = Transform3D(1, 0, 0, 0, 1, 0, 0, 0, 1, -4.936926, 1.176909, 9.03491)
shape = SubResource("BoxShape3D_jyndf")

[node name="CollisionShape3D13" type="CollisionShape3D" parent="StaticBody3D" unique_id=255738644]
transform = Transform3D(0.97966886, 0.18061404, -0.08733555, -0.16491373, 0.9728951, 0.16210663, 0.11424707, -0.14440803, 0.98290074, -8.381418, 0.41450664, 2.104221)
shape = SubResource("BoxShape3D_yng6h")

[node name="CollisionShape3D15" type="CollisionShape3D" parent="StaticBody3D" unique_id=1916892141]
transform = Transform3D(0.98765826, 0.15380976, 0.029557845, -0.15662411, 0.9699114, 0.18638928, 0, -0.18871841, 0.98203135, -1.6305846, 1.8851917, 4.3007493)
shape = SubResource("BoxShape3D_yv4mu")

[node name="CollisionShape3D14" type="CollisionShape3D" parent="StaticBody3D" unique_id=705648759]
transform = Transform3D(1, 0, 0, 0, 1, 0, 0, 0, 1, 3.8391953, 1.3734847, 3.010951)
shape = SubResource("BoxShape3D_hnrr3")

[node name="CollisionShape3D16" type="CollisionShape3D" parent="StaticBody3D" unique_id=1326083229]
transform = Transform3D(0.9876145, 0, -0.1568999, 0, 1, 0, 0.1568999, 0, 0.9876145, 7.348482, 0.1430664, 5.305273)
shape = SubResource("BoxShape3D_8ne0n")

[node name="CollisionShape3D17" type="CollisionShape3D" parent="StaticBody3D" unique_id=1841112294]
transform = Transform3D(1, 0, 0, 0, 1, 0, 0, 0, 1, 6.0186825, 0.30752942, 6.0053883)
shape = SubResource("CylinderShape3D_1w16b")

[node name="CollisionShape3D18" type="CollisionShape3D" parent="StaticBody3D" unique_id=1737478323]
transform = Transform3D(1, 0, 0, 0, 1, 0, 0, 0, 1, 5.500142, 0.6726471, 6.1352005)
shape = SubResource("CylinderShape3D_1w16b")

[node name="CollisionShape3D19" type="CollisionShape3D" parent="StaticBody3D" unique_id=1296238868]
transform = Transform3D(0.9899003, 0, 0.14176516, 0.0022613858, 0.99987274, -0.015790526, -0.14174712, 0.015951633, 0.98977435, -2.854004, 1.223999, -4.114604)
shape = SubResource("BoxShape3D_qtewp")

[node name="CollisionShape3D20" type="CollisionShape3D" parent="StaticBody3D" unique_id=1388962501]
transform = Transform3D(0.51500714, 0.012370951, 0.8570965, 0.0022613856, 0.999873, -0.01579053, -0.85718286, 0.010070463, 0.51491374, -9.608265, 1.2187561, 0.0058197975)
shape = SubResource("BoxShape3D_qtewp")

[node name="CollisionShape3D21" type="CollisionShape3D" parent="StaticBody3D" unique_id=889160624]
transform = Transform3D(0.07229152, 0.017278202, 0.99723387, 0.010268854, 0.9997841, -0.018066801, -0.9973306, 0.01154653, 0.072098464, -10.5091, 1.223999, 3.6578135)
shape = SubResource("BoxShape3D_qtewp")

[node name="CollisionShape3D22" type="CollisionShape3D" parent="StaticBody3D" unique_id=37270508]
transform = Transform3D(0.8682855, 0, 0.496065, 0, 1, 0, -0.496065, 0, 0.8682855, -5.8768854, 0.8631592, -2.3792253)
shape = SubResource("BoxShape3D_lv2cb")

[node name="CollisionShape3D23" type="CollisionShape3D" parent="StaticBody3D" unique_id=1672742475]
transform = Transform3D(1, 0, 0, 0, 1, 0, 0, 0, 1, 9.1306305, 1.1977265, 1.3846369)
shape = SubResource("BoxShape3D_1w16b")

[node name="CollisionShape3D24" type="CollisionShape3D" parent="StaticBody3D" unique_id=2019749642]
transform = Transform3D(1, 0, 0, 0, 1, 0, 0, 0, 1, 0.77734375, 2.7304747, 4.1336513)
shape = SubResource("BoxShape3D_4mp2r")

[node name="CollisionShape3D25" type="CollisionShape3D" parent="StaticBody3D" unique_id=1278998468]
transform = Transform3D(1, 0, 0, 0, 1, 0, 0, 0, 1, 3.9523911, 1.3734847, 1.0245886)
shape = SubResource("BoxShape3D_hnrr3")

[node name="CollisionShape3D26" type="CollisionShape3D" parent="StaticBody3D" unique_id=189112595]
transform = Transform3D(0.91981465, 0, 0.39235324, 0, 1, 0, -0.39235324, 0, 0.91981465, 0.9847884, 0.11431885, 8.747238)
shape = SubResource("BoxShape3D_xi662")
